01111110
11111111
11100111
11100111
11111111
11111111
11100111
11100111

11111110
11111111
11100111
11111110
11111110
11100111
11111111
11111110

01111110
11111111
11100111
11100000
11100000
11100111
11111111
01111110

11111110
11111111
11100111
11100111
11100111
11100111
11111111
11111110

11111111
11111111
11100000
11111100
11111100
11100000
11111111
11111111

11111111
11111111
11100000
11111100
11111100
11100000
11100000
11100000

01111110
11111111
11100111
11100000
11101111
11100111
11111111
01111110

11100111
11100111
11100111
11111111
11111111
11100111
11100111
11100111

00111000
00111000
00111000
00111000
00111000
00111000
00111000
00111000

00001110
00001110
00001110
00001110
00001110
00001110
01111110
01111100

11100011
11100111
11101110
11111100
11111100
11101110
11100111
11100011

11100000
11100000
11100000
11100000
11100000
11100000
11111111
11111111

11100011
11110111
11111111
11111111
11100011
11100011
11100011
11100011

11100111
11110111
11110111
11111111
11111111
11111111
11101111
11100111

01111110
11111111
11100111
11100111
11100111
11100111
11111111
01111110

11111110
11111111
11100111
11111111
11111110
11100000
11100000
11100000

01111110
11111111
11100111
11100111
11100011
11101101
11110110
01111011

11111110
11111111
11100111
11111111
11111110
11100111
11100111
11100111

01111110
11111111
11100000
11111110
01111111
00000111
11111111
01111110

11111110
11111110
00111000
00111000
00111000
00111000
00111000
00111000

11100111
11100111
11100111
11100111
11100111
11100111
11111111
01111110

11100111
11100111
11100111
11100111
11100111
11100111
01111110
00111100

11100011
11100011
11101011
11101011
11101011
11111111
01111111
00101010

11100111
11100111
01111110
00111100
00111100
01111110
11100111
11100111

11100111
11100111
11100111
01111110
00111100
00011000
00011000
00011000

11111111
11111111
00001111
00011110
01111000
11110000
11111111
11111111